#Min_Id	Max_Id	Length	可否hold	是否起降	是否弯道
0	1	189.80 	1	0	1
1	6	412.30 	0	0	0
1	5	103.30 	0	0	1
5	6	358.10 	0	0	1
6	14	405.50 	0	0	0
6	10	111.20 	0	0	1
10	14	346.20 	0	0	1
14	20	545.40 	0	0	0
20	23	396.30 	0	0	0
14	15	143.40 	0	0	1
15	20	470.70 	0	0	1
20	564	104.00 	0	0	1
23	564	353.60 	0	0	1
23	25	178.90 	1	0	0
25	26	186.30 	0	0	0
26	32	651.90 	0	0	0
26	28	114.40 	0	0	1
28	32	594.80 	0	0	1
32	39	296.10 	0	0	0
32	38	124.00 	0	0	1
38	39	226.30 	0	0	1
39	42	417.20 	0	0	0
39	40	107.20 	0	0	1
40	42	364.90 	0	0	1
42	45	345.70 	0	0	1
45	46	148.00 	0	0	1
46	47	173.70 	0	0	1
44	46	199.30 	1	0	0
44	565	114.10 	0	0	1
44	48	136.70 	0	0	1
46	48	164.30 	0	0	1
46	565	136.70 	0	0	1
42	565	105.50 	0	0	1
45	565	291.40 	0	0	1
43	44	230.20 	1	0	0
37	43	249.70 	1	0	0
40	41	142.60 	0	0	0
40	43	137.10 	0	0	1
41	43	151.30 	0	0	0
37	40	174.20 	0	0	1
37	41	180.90 	0	0	1
33	37	202.70 	1	0	0
37	38	159.20 	0	0	1
36	37	194.10 	0	0	1
33	38	99.63 	0	0	1
33	36	141.50 	0	0	1
34	38	111.40 	0	0	1
34	37	204.30 	1	0	0
30	33	229.70 	1	0	0
34	35	188.10 	1	0	0
30	35	186.00 	0	0	1
29	30	271.20 	1	0	0
27	29	173.20 	0	0	0
28	31	170.10 	0	0	1
27	28	107.70 	0	0	1
28	29	118.20 	0	0	1
27	31	149.00 	0	0	1
29	31	160.30 	0	0	0
27	591	273.40	1	0	0
22	591	342.60 	1	0	0
21	22	218.80 	1	0	0
22	564	105.50 	0	0	1
22	24	145.00 	0	0	1
21	564	163.40 	0	0	1
21	24	203.80 	1	0	0
19	21	250.50 	1	0	0
24	564	168.80 	0	0	1
16	19	193.10 	1	0	0
15	17	152.70 	1	0	0
18	19	138.80 	0	0	1
17	19	164.10 	0	0	1
15	16	100.80 	0	0	1
15	19	147.00 	0	0	1
16	17	124.10 	0	0	1
15	18	171.50 	0	0	1
16	18	175.10 	0	0	1
13	16	268.20 	1	0	0
11	13	161.60 	1	0	0
10	12	175.70 	0	0	1
10	13	109.10 	0	0	1
10	11	102.20 	0	0	1
12	13	140.30 	0	0	1
11	12	150.60 	0	0	1
7	11	256.40 	1	0	0
2	7	205.00 	1	0	0
5	8	152.50 	1	0	0
5	7	113.20 	0	0	1
7	8	140.00 	0	0	1
2	5	142.80 	0	0	1
2	8	171.80 	0	0	1
0	2	143.70 	0	0	1
2	3	174.90 	0	0	1
3	4	82.33 	1	0	0
8	9	82.11 	1	0	0
12	312	177.80 	0	0	0
17	566	82.24 	1	0	0
18	314	195.70 	0	0	0
24	316	183.20 	0	0	0
31	318	177.20 	0	0	0
35	320	165.00 	0	0	0
36	322	84.05 	1	0	0
41	324	190.20 	0	0	0
48	326	84.36 	1	0	0
47	327	80.22 	1	0	0
49	311	84.06 	1	0	0
49	50	252.30 	1	0	0
49	51	152.70 	0	0	1
50	51	204.80 	1	0	1
51	52	364.50 	1	0	0
52	53	235.30 	0	0	0
53	313	209.90 	0	0	0
52	54	269.80 	0	0	1
52	55	308.80 	1	0	0
53	54	257.60 	0	0	0
54	55	277.80 	0	0	1
55	56	212.60 	1	0	0
56	59	255.40 	1	0	0
57	567	84.48 	1	0	0
57	58	250.40 	1	0	0
56	60	208.50 	0	0	0
58	60	265.90 	0	0	1
58	59	263.40 	0	0	1
56	58	246.20 	0	0	1
56	57	172.40 	0	0	1
57	59	185.80 	0	0	1
60	315	191.30 	0	0	0
59	61	190.20 	1	0	0
61	63	278.60 	1	0	0
62	317	192.10 	0	0	0
61	62	230.20 	0	0	0
63	592	320.60 	1	0	0
65	319	190.90 	0	0	0
64	592	249.20	1	0	0
64	66	300.80 	1	0	0
65	66	246.70 	0	0	0
66	68	156.50 	0	0	0
66	67	201.50 	0	0	1
67	68	189.40 	0	0	1
68	70	237.90 	1	0	0
69	70	189.40 	0	0	0
69	321	184.20 	0	0	0
68	69	153.30 	0	0	1
70	73	158.10 	0	0	0
71	72	254.50 	1	0	0
70	71	134.60 	0	0	1
70	72	195.80 	0	0	1
71	73	145.50 	0	0	1
72	73	193.50 	0	0	1
71	323	80.78 	1	0	0
73	75	450.60 	1	0	0
74	75	311.10 	0	0	0
73	74	252.40 	0	0	1
74	325	177.80 	0	0	0
75	76	293.60 	1	0	0
77	328	120.00 	1	0	0
77	78	176.90 	0	0	0
76	77	120.10 	0	0	1
76	78	185.90 	0	0	1
50	346	122.80 	1	0	0
54	344	123.20 	1	0	0
58	341	123.20 	1	0	0
67	334	123.50 	1	0	0
72	332	121.30 	1	0	0
78	329	159.00 	1	0	0
79	330	128.10 	1	0	0
79	80	128.70 	0	0	0
79	88	104.70 	0	0	1
80	88	94.73 	0	0	1
86	88	123.60 	1	0	0
85	86	140.00 	0	0	0
84	87	127.00 	0	0	0
87	331	128.80 	1	0	0
84	85	101.40 	0	0	1
84	86	94.62 	0	0	1
85	87	109.00 	0	0	1
86	87	96.91 	0	0	1
85	593	224.30	1	0	0
94	593	296.20 	1	0	0
99	333	144.10 	1	0	0
95	99	113.40 	0	0	0
94	98	138.10 	0	0	0
94	99	94.10 	0	0	1
94	95	95.81 	0	0	1
98	99	89.99 	0	0	1
95	98	92.15 	0	0	1
98	101	149.80 	1	0	0
95	96	103.40 	0	0	0
93	100	139.40 	0	0	0
90	93	267.40 	1	0	0
89	90	132.40 	0	0	0
83	89	132.90 	0	0	0
82	83	126.20 	0	0	0
81	82	129.30 	0	0	0
80	81	94.40 	0	0	1
83	84	91.33 	0	0	1
82	84	90.92 	0	0	1
90	91	92.67 	0	0	1
89	91	91.01 	0	0	1
93	96	86.03 	0	0	1
96	100	87.26 	0	0	1
95	100	95.14 	0	0	1
93	95	97.67 	0	0	1
100	102	252.40 	1	0	0
101	107	241.50 	0	0	0
101	105	204.80 	0	0	1
105	107	100.30 	0	0	1
107	108	160.10 	0	0	1
101	108	244.90 	0	0	0
105	108	186.30 	0	0	1
108	336	179.30 	0	0	0
107	109	278.50 	1	0	0
103	105	104.20 	0	0	0
102	106	140.20 	0	0	0
102	105	95.34 	0	0	1
102	103	85.55 	0	0	1
105	106	97.94 	0	0	1
103	106	90.32 	0	0	1
106	113	256.30 	1	0	0
109	111	184.70 	0	0	0
113	114	144.70 	0	0	0
112	115	115.80 	0	0	0
112	114	84.56 	0	0	1
112	113	112.50 	0	0	1
113	115	98.95 	0	0	1
114	115	95.97 	0	0	1
109	112	101.10 	0	0	1
111	112	144.40 	0	0	1
110	112	201.60 	0	0	0
109	110	201.80 	0	0	0
111	122	266.00 	1	0	0
110	337	177.80 	0	0	0
114	124	110.60 	0	0	0
114	125	86.63 	0	0	1
124	125	109.20 	0	0	1
123	124	211.70 	1	0	0
123	136	128.30 	0	0	0
133	137	123.40 	0	0	0
122	134	231.10 	0	0	0
123	137	103.20 	0	0	1
136	137	89.32 	0	0	1
133	136	83.61 	0	0	1
123	133	98.20 	0	0	1
122	133	96.51 	0	0	1
133	134	187.00 	0	0	1
136	142	105.50 	0	0	0
134	145	254.70 	0	0	0
134	146	99.75 	0	0	1
145	146	216.60 	0	0	1
144	145	250.70 	0	0	1
144	146	178.20 	0	0	1
122	135	214.60 	0	0	0
133	135	205.60 	0	0	0
135	143	88.67 	0	0	0
144	338	192.90 	0	0	0
143	339	106.60 	0	0	0
145	151	216.30 	1	0	0
342	568	87.51 	1	0	0
152	340	189.60 	0	0	0
152	153	256.70 	0	0	0
151	152	169.50 	0	0	1
153	154	214.60 	0	0	1
151	154	94.95 	0	0	1
151	153	248.60 	0	0	0
154	568	166.90 	0	0	0
153	568	270.80 	0	0	1
151	568	149.30 	0	0	1
152	154	187.70 	0	0	1
154	157	126.50 	0	0	0
155	156	139.50 	0	0	0
147	156	326.00 	1	0	0
154	155	101.00 	0	0	1
154	156	95.23 	0	0	1
156	157	105.10 	0	0	1
155	157	103.20 	0	0	1
155	160	236.40 	1	0	0
153	159	124.10 	1	0	0
165	343	210.60 	0	0	0
165	166	277.90 	0	0	0
172	345	96.70 	1	0	0
167	172	158.20 	0	0	0
161	166	246.70 	0	0	0
161	167	90.57 	0	0	1
166	167	218.50 	0	0	1
161	172	135.70 	0	0	1
166	172	261.30 	0	0	1
161	165	167.90 	0	0	1
165	167	197.30 	0	0	1
159	161	121.90 	0	0	0
161	162	88.38 	0	0	1
159	162	99.10 	0	0	1
166	173	111.50 	1	0	0
173	175	175.00 	1	0	0
173	174	107.30 	0	0	1
174	175	138.30 	0	0	1
183	347	122.30 	1	0	0
181	183	135.10 	0	0	0
175	182	146.80 	0	0	0
175	181	94.77 	0	0	1
181	182	105.50 	0	0	1
182	183	109.50 	0	0	1
175	183	123.60 	0	0	1
182	191	348.20 	1	0	0
191	193	133.00 	0	0	0
192	194	129.50 	0	0	0
191	192	103.60 	0	0	1
191	194	94.38 	0	0	1
193	194	95.36 	0	0	1
192	193	108.40 	0	0	1
193	195	123.90 	1	0	0
192	348	124.90 	1	0	0
196	349	125.40 	1	0	0
196	197	129.50 	0	0	0
195	196	105.60 	0	0	1
195	197	94.09 	0	0	1
197	198	106.60 	0	0	1
198	199	106.60 	0	0	0
179	199	484.60 	0	0	0
176	179	198.20 	0	0	0
176	177	129.60 	0	0	0
168	177	244.20 	1	0	0
164	168	111.60 	0	0	0
194	199	116.70 	0	0	1
179	194	434.20 	0	0	0
179	181	118.10 	0	0	1
176	181	133.90 	0	0	1
180	181	127.20 	0	0	0
179	180	123.20 	0	0	1
176	180	137.10 	0	0	1
174	176	89.85 	0	0	1
174	177	93.73 	0	0	1
176	178	97.04 	0	0	1
177	178	97.42 	0	0	1
174	178	118.40 	0	0	0
167	168	86.99 	0	0	1
164	167	84.49 	0	0	1
164	169	95.43 	0	0	1
168	169	93.51 	0	0	1
167	169	127.00 	0	0	0
160	164	127.30 	0	0	0
162	163	122.90 	0	0	0
162	164	86.68 	0	0	1
163	164	91.67 	0	0	1
160	163	103.30 	0	0	1
160	162	93.31 	0	0	1
146	147	100.80 	0	0	1
142	146	97.20 	0	0	1
142	148	105.60 	0	0	1
147	148	107.40 	0	0	1
146	148	126.40 	0	0	0
142	147	141.70 	0	0	0
180	184	92.88 	0	0	0
184	190	143.50 	0	0	0
178	186	148.70 	1	0	0
184	185	98.25 	0	0	1
185	190	97.47 	0	0	1
185	186	117.70 	0	0	1
185	187	425.50 	0	0	0
186	187	326.20 	0	0	0
169	170	102.20 	0	0	0
170	187	96.42 	0	0	1
170	188	96.41 	0	0	1
187	188	112.90 	0	0	0
163	171	94.48 	0	0	0
188	189	108.80 	0	0	0
171	188	101.70 	0	0	1
171	189	97.12 	0	0	1
189	310	262.00 	0	0	0
157	158	91.69 	0	0	0
150	310	450.00 	0	0	0
141	150	248.50 	0	0	0
148	149	90.01 	0	0	0
158	310	108.00 	0	0	1
150	158	437.70 	0	0	0
149	150	126.90 	0	0	1
141	149	213.00 	0	0	1
137	138	111.60 	0	0	0
139	141	131.20 	0	0	0
138	140	129.60 	0	0	0
138	141	92.08 	0	0	1
140	141	92.02 	0	0	1
138	139	98.33 	0	0	1
139	140	100.90 	0	0	1
130	139	211.10 	1	0	0
125	126	102.00 	0	0	0
126	129	136.20 	0	0	0
128	130	128.80 	0	0	0
126	130	108.10 	0	0	1
129	130	105.30 	0	0	1
128	129	94.78 	0	0	1
126	128	92.55 	0	0	1
115	127	104.60 	0	0	0
127	131	177.40 	0	0	0
115	116	81.63 	0	0	1
116	127	88.43 	0	0	1
127	128	103.20 	0	0	1
128	131	119.50 	0	0	1
128	132	146.80 	0	0	0
127	132	150.60 	0	0	1
131	132	117.30 	0	0	1
116	117	289.90 	0	0	0
103	104	93.62 	0	0	0
117	118	96.27 	0	0	0
103	117	76.86 	0	0	1
103	118	75.15 	0	0	1
104	118	62.17 	0	0	1
104	117	63.71 	0	0	1
118	119	312.70 	0	0	0
119	120	64.28 	0	0	0
96	97	182.40 	0	0	0
96	119	67.22 	0	0	1
96	120	65.61 	0	0	1
97	119	143.60 	0	0	1
97	120	144.30 	0	0	1
120	121	336.60 	0	0	0
91	92	175.70 	0	0	0
91	121	53.26 	0	0	1
92	121	149.30 	0	0	1
92	132	1130.00 	0	0	0
190	589	349.40 	1	0	0
140	585	341.00 	1	0	0
129	201	204.00 	1	0	0
201	203	144.50 	0	0	0
131	200	173.60 	1	0	0
200	205	387.00 	1	0	0
203	204	104.20 	0	0	0
204	207	137.80 	0	0	0
207	208	267.30 	1	0	0
205	209	180.40 	1	0	0
201	202	100.50 	0	0	1
202	203	96.37 	0	0	1
200	202	99.23 	0	0	1
202	205	340.50 	0	0	1
200	551	51.17 	0	0	1
205	551	354.70 	0	0	1
200	552	106.30 	0	0	1
205	552	303.20 	0	0	1
200	553	162.40 	0	0	1
205	553	243.80 	0	0	1
200	554	236.80 	0	0	1
205	554	168.80 	0	0	1
200	555	300.80 	0	0	1
205	555	108.40 	0	0	1
200	556	352.70 	0	0	1
205	556	56.12 	0	0	1
202	551	86.09 	0	0	1
202	552	83.78 	0	0	1
202	553	114.60 	0	0	1
202	554	187.90 	0	0	1
202	555	250.90 	0	0	1
202	556	303.50 	0	0	1
205	206	97.79 	0	0	1
200	206	345.60 	0	0	1
206	556	87.32 	0	0	1
206	555	88.68 	0	0	1
206	554	125.90 	0	0	1
206	553	196.50 	0	0	1
206	552	260.40 	0	0	1
206	551	311.80 	0	0	1
204	206	90.98 	0	0	1
206	207	96.06 	0	0	1
209	210	363.70 	1	0	0
208	211	277.00 	1	0	0
212	214	130.50 	0	0	0
213	215	131.60 	0	0	0
208	214	113.90 	0	0	1
208	212	100.20 	0	0	1
211	212	240.90 	0	0	1
211	214	257.00 	0	0	1
213	214	159.50 	0	0	1
211	213	168.30 	0	0	1
211	215	186.10 	0	0	1
212	215	161.20 	0	0	1
208	215	197.70 	0	0	1
209	212	184.50 	0	0	1
210	212	239.70 	0	0	1
209	213	260.90 	0	0	1
210	213	168.10 	0	0	1
212	557	161.40 	0	0	1
212	558	122.20 	0	0	1
212	559	94.22 	0	0	1
212	560	121.50 	0	0	1
212	561	189.20 	0	0	1
210	561	90.49 	0	0	1
213	557	237.70 	0	0	1
213	558	198.60 	0	0	1
213	559	129.20 	0	0	1
213	560	94.67 	0	0	1
213	561	116.60 	0	0	1
210	560	160.00 	0	0	1
210	559	231.20 	0	0	1
210	558	290.40 	0	0	1
210	557	340.50 	0	0	1
209	557	51.90 	0	0	1
209	558	108.30 	0	0	1
209	559	169.70 	0	0	1
209	560	243.90 	0	0	1
209	561	310.30 	0	0	1
211	599	213.80	1	0	0
220	599	220.60 	1	0	0
218	222	129.60 	0	0	0
219	221	132.30 	0	0	0
210	223	435.70 	1	0	0
218	599	105.90 	0	0	1
218	220	209.00 	0	0	1
218	221	182.30 	0	0	1
218	219	198.70 	0	0	1
219	599	210.30 	0	0	1
219	222	178.40 	0	0	1
219	220	98.00 	0	0	1
220	222	188.70 	0	0	1
220	221	85.60 	0	0	1
221	222	162.00 	0	0	1
221	599	193.90 	0	0	1
222	599	92.00 	0	0	1
210	222	307.10 	0	0	1
222	571	212.90 	0	0	1
222	572	148.20 	0	0	1
222	573	117.70 	0	0	1
222	574	112.50 	0	0	1
222	223	194.70 	0	0	1
221	222	168.40 	0	0	1
210	221	409.40 	0	0	1
221	571	314.00 	0	0	1
221	572	250.50 	0	0	1
221	573	192.10 	0	0	1
221	574	140.20 	0	0	1
221	223	88.05 	0	0	1
223	571	340.30 	0	0	1
223	572	276.80 	0	0	1
223	573	218.40 	0	0	1
223	574	153.20 	0	0	1
210	574	318.50 	0	0	1
571	574	222.90 	0	0	1
572	574	158.10 	0	0	1
571	573	166.40 	0	0	1
210	573	261.80 	0	0	1
210	571	139.70 	0	0	1
214	601	85.55	1	0	0
575	601	747.15 	0	0	0
215	602	83.00	1	0	0
575	602	734.70 	0	0	0
216	602	139.40 	0	0	1
216	575	759.00 	0	0	1
579	580	125.00 	0	0	0
216	576	213.50 	0	0	0
576	581	147.10 	0	0	0
218	580	207.90 	0	0	0
578	579	95.17 	0	0	1
578	580	94.56 	0	0	1
580	581	95.66 	0	0	1
218	581	159.10 	0	0	1
218	576	201.90 	0	0	1
576	580	127.20 	0	0	1
217	578	90.31 	0	0	0
217	577	81.56 	0	0	1
577	578	87.53 	0	0	1
577	581	91.13 	0	0	1
219	581	163.80 	0	0	1
219	577	205.70 	1	0	0
217	233	127.40 	0	0	0
231	232	136.50 	0	0	0
225	231	207.10 	1	0	0
220	226	114.70 	0	0	0
224	225	131.90 	0	0	0
217	232	107.70 	0	0	1
232	233	94.16 	0	0	1
231	233	97.59 	0	0	1
217	231	108.20 	0	0	1
220	225	103.90 	0	0	1
225	226	98.80 	0	0	1
224	226	88.32 	0	0	1
220	224	90.62 	0	0	1
234	579	629.70 	0	0	0
234	235	265.60 	0	0	0
223	227	115.50 	0	0	0
224	228	126.30 	0	0	0
223	224	87.27 	0	0	1
224	227	88.16 	0	0	1
227	228	94.10 	0	0	1
223	228	93.86 	0	0	1
228	229	100.50 	0	0	0
229	230	139.40 	0	0	0
229	281	95.87 	0	0	1
230	281	97.62 	0	0	1
230	284	253.10 	1	0	0
284	286	146.60 	0	0	0
284	285	104.10 	0	0	1
285	286	107.50 	0	0	1
286	597	300.70 	1	0	0
288	597	253.00	1	0	0
288	291	146.70 	0	0	0
288	289	99.97 	0	0	1
289	291	100.30 	0	0	1
291	294	378.80 	1	0	0
294	296	127.60 	0	0	0
296	298	134.80 	0	0	0
294	300	97.32 	0	0	1
296	300	85.87 	0	0	1
296	299	94.55 	0	0	1
298	299	91.70 	0	0	1
298	303	404.50 	1	0	0
303	308	138.00 	0	0	0
303	305	107.30 	0	0	1
305	308	86.96 	0	0	1
307	308	198.20 	0	0	1
308	309	176.20 	0	0	1
307	309	79.17 	0	0	1
305	306	116.30 	0	0	0
304	309	129.90 	0	0	0
304	305	98.93 	0	0	1
304	306	96.85 	0	0	1
306	309	88.27 	0	0	1
305	309	84.70 	0	0	1
302	304	413.90 	1	0	0
297	302	135.90 	0	0	0
299	301	110.00 	0	0	0
297	299	97.53 	0	0	1
297	301	85.81 	0	0	1
301	302	91.96 	0	0	1
299	302	94.92 	0	0	1
295	297	127.30 	0	0	0
295	300	103.70 	0	0	1
297	300	85.00 	0	0	1
292	295	241.60 	1	0	0
290	292	281.70 	1	0	0
289	290	102.60 	0	0	1
290	293	151.20 	0	0	1
289	292	242.10 	0	0	1
292	293	256.10 	0	0	0
289	293	166.50 	0	0	1
287	290	371.70 	1	0	0
283	287	331.40 	1	0	0
283	285	103.30 	0	0	1
285	287	292.70 	0	0	1
283	598	191.49 	0	0	1
287	598	340.99 	0	0	0
285	598	200.89 	0	0	0
280	283	251.50 	1	0	0
279	280	239.20 	1	0	0
280	281	101.20 	0	0	1
279	281	198.60 	0	0	1
279	282	188.90 	0	0	0
281	282	138.60 	0	0	1
282	354	226.80 	0	0	0
279	562	132.70 	0	0	0
227	562	91.57 	0	0	1
227	279	97.33 	0	0	1
226	562	86.04 	0	0	1
226	563	101.80 	0	0	1
562	563	125.90 	0	0	0
246	563	203.00 	1	0	0
245	246	276.90 	1	0	0
233	247	175.90 	0	0	1
233	246	103.80 	0	0	1
233	245	237.40 	0	0	1
245	247	261.40 	0	0	0
232	595	170.30	1	0	0
595	596	185.90	1	0	0
240	596	247.60 	1	0	0
245	594	202.00	1	0	0
242	594	263.20 	1	0	0
242	244	145.10 	0	0	0
241	243	115.10 	0	0	0
239	240	140.70 	0	0	0
238	241	114.90 	0	0	0
241	242	101.10 	0	0	1
242	243	103.80 	0	0	1
243	244	101.10 	0	0	1
241	244	99.60 	0	0	1
239	241	100.30 	0	0	1
240	241	106.20 	0	0	1
238	240	98.62 	0	0	1
238	239	98.80 	0	0	1
243	352	131.20 	1	0	0
236	238	159.50 	0	0	0
237	238	139.00 	0	0	1
236	237	140.70 	0	0	1
237	248	102.70 	1	0	0
248	250	93.89 	0	0	0
248	249	123.10 	0	0	1
249	250	116.20 	0	0	1
239	254	319.50 	1	0	0
250	251	128.60 	1	0	0
235	265	414.90 	0	0	0
252	253	152.90 	1	0	0
256	257	150.20 	1	0	0
252	582	113.60 	0	0	0
254	258	123.30 	0	0	0
252	254	92.52 	0	0	1
254	582	94.99 	0	0	1
258	582	87.73 	0	0	1
252	258	84.83 	0	0	1
251	252	63.76 	0	0	1
251	253	102.50 	0	0	1
257	260	110.00 	0	0	0
258	259	128.40 	0	0	1
257	258	85.23 	0	0	1
257	259	95.17 	0	0	1
259	260	95.90 	0	0	1
258	260	85.19 	0	0	1
263	582	116.00 	0	0	0
255	261	134.50 	0	0	0
244	255	314.30 	1	0	0
261	582	92.60 	0	0	1
261	263	98.86 	0	0	1
255	263	95.05 	0	0	1
255	582	95.26 	0	0	1
260	262	120.00 	0	0	0
261	264	130.50 	0	0	0
260	264	109.50 	0	0	1
262	264	110.10 	0	0	1
261	262	86.10 	0	0	1
260	261	81.20 	0	0	1
265	266	353.70 	0	0	0
266	267	90.12 	0	0	1
275	277	161.80 	0	0	1
267	277	141.20 	0	0	0
266	276	205.70 	0	0	1
266	275	202.90 	0	0	1
267	276	172.20 	0	0	1
266	277	140.70 	0	0	1
267	268	98.26 	0	0	0
268	583	124.10 	0	0	0
269	274	128.20 	0	0	0
259	269	325.90 	1	0	0
264	270	319.70 	1	0	0
270	271	132.90 	0	0	0
273	275	111.10 	0	0	0
272	273	112.80 	0	0	0
273	274	89.39 	0	0	1
272	274	87.83 	0	0	1
268	274	92.69 	0	0	1
274	583	86.55 	0	0	1
269	583	94.89 	0	0	1
268	269	111.30 	0	0	1
271	272	85.47 	0	0	1
271	583	93.73 	0	0	1
270	583	98.39 	0	0	1
276	278	392.50 	0	0	1
277	586	236.70 	0	0	0
584	586	677.70 	0	0	0
262	350	130.20 	0	0	0
263	351	130.30 	0	0	0
247	353	182.20 	0	0	0
293	355	190.70 	0	0	0
301	356	136.50 	0	0	0
306	357	130.50 	0	0	0
307	358	136.00 	0	0	0
318	362	2336.00 	0	1	0
320	362	2810.00 	0	1	0
324	362	3287.00 	0	1	0
326	362	3897.00 	0	1	0
327	362	4128.00 	0	1	0
319	362	2339.00 	0	1	0
321	362	2799.00 	0	1	0
325	362	3279.00 	0	1	0
328	362	4134.00 	0	1	0
316	364	2328.00 	0	1	0
317	364	2329.00 	0	1	0
315	364	2800.00 	0	1	0
314	364	2797.00 	0	1	0
313	364	3276.00 	0	1	0
312	364	3276.00 	0	1	0
9	364	3908.00 	0	1	0
4	364	4140.00 	0	1	0
311	364	4134.00 	0	1	0
4	311	84.50 	0	0	0
566	567	85.59 	0	0	0
322	323	87.66 	0	0	0
327	328	88.66 	0	0	0
338	363	2297.00 	0	1	0
340	363	2757.00 	0	1	0
343	363	3205.00 	0	1	0
348	363	4501.00 	0	1	0
349	363	4756.00 	0	1	0
339	361	2287.00 	0	1	0
337	361	2769.00 	0	1	0
336	361	3241.00 	0	1	0
331	361	4514.00 	0	1	0
330	361	4765.00 	0	1	0
329	361	4765.00 	0	1	0
329	330	70.37 	0	0	0
332	333	70.88 	0	0	0
334	335	70.76 	0	0	0
341	342	71.99 	0	0	0
344	345	72.24 	0	0	0
346	347	72.87 	0	0	0
354	360	2374.00 	0	1	0
354	598	155.81	0	0	0
355	360	3080.00 	0	1	0
356	360	3932.00 	0	1	0
357	360	4485.00 	0	1	0
358	360	4596.00 	0	1	0
354	359	2380.00 	0	1	0
353	359	3091.00 	0	1	0
352	359	4036.00 	0	1	0
351	359	4489.00 	0	1	0
350	359	4602.00 	0	1	0
1	365	121.20 	0	0	1
6	365	335.10 	0	0	1
5	365	108.40 	0	0	1
1	366	221.40 	0	0	1
5	366	168.40 	0	0	1
6	366	249.60 	0	0	1
1	367	307.40 	0	0	1
5	367	253.10 	0	0	1
6	367	161.10 	0	0	1
6	368	75.79 	0	0	1
1	368	395.30 	0	0	1
5	368	341.10 	0	0	1
6	369	76.21 	0	0	1
10	369	118.20 	0	0	1
14	369	380.50 	0	0	1
6	370	210.60 	0	0	1
10	370	153.70 	0	0	1
14	370	265.10 	0	0	1
6	371	296.30 	0	0	1
10	371	237.10 	0	0	1
14	371	173.50 	0	0	1
6	372	395.40 	0	0	1
10	372	336.10 	0	0	1
14	372	82.51 	0	0	1
14	373	82.90 	0	0	1
15	373	149.20 	0	0	1
20	373	552.00 	0	0	1
14	374	173.30 	0	0	1
15	374	129.50 	0	0	1
20	374	470.70 	0	0	1
14	375	278.60 	0	0	1
15	375	203.10 	0	0	1
20	375	353.80 	0	0	1
14	376	382.50 	0	0	1
15	376	307.10 	0	0	1
20	376	253.40 	0	0	1
14	377	474.80 	0	0	1
15	377	399.90 	0	0	1
20	377	175.10 	0	0	1
14	378	566.30 	0	0	1
15	378	491.40 	0	0	1
20	378	87.81 	0	0	1
20	379	103.50 	0	0	1
23	379	400.60 	0	0	1
379	564	141.10 	0	0	1
20	380	223.90 	0	0	1
380	564	181.20 	0	0	1
23	380	284.40 	0	0	1
20	381	319.50 	0	0	1
381	564	276.90 	0	0	1
23	381	189.80 	0	0	1
20	382	400.90 	0	0	1
382	564	358.30 	0	0	1
23	382	95.83 	0	0	1
25	383	101.40 	0	0	1
26	383	161.80 	0	0	1
25	384	196.20 	0	0	1
26	384	75.11 	0	0	1
26	385	87.44 	0	0	1
28	385	127.90 	0	0	1
32	385	641.00 	0	0	1
26	386	179.80 	0	0	1
28	386	142.20 	0	0	1
32	386	560.70 	0	0	1
26	387	274.90 	0	0	1
28	387	217.80 	0	0	1
32	387	473.60 	0	0	1
26	388	380.50 	0	0	1
28	388	323.90 	0	0	1
32	388	355.40 	0	0	1
26	389	488.10 	0	0	1
28	389	431.60 	0	0	1
32	389	266.60 	0	0	1
26	390	576.10 	0	0	1
28	390	519.50 	0	0	1
32	390	184.30 	0	0	1
26	391	664.00 	0	0	1
28	391	607.40 	0	0	1
32	391	100.60 	0	0	1
32	392	91.22 	0	0	1
38	392	141.30 	0	0	1
39	392	291.00 	0	0	1
32	393	202.10 	0	0	1
38	393	141.10 	0	0	1
39	393	179.20 	0	0	1
32	394	299.60 	0	0	1
38	394	229.90 	0	0	1
39	394	89.35 	0	0	1
39	395	91.20 	0	0	1
42	395	421.70 	0	0	1
40	395	132.00 	0	0	1
39	407	177.30 	0	0	1
42	407	340.90 	0	0	1
40	407	139.10 	0	0	1
39	396	242.60 	0	0	1
40	396	179.10 	0	0	1
42	396	232.30 	0	0	1
39	397	288.30 	0	0	1
40	397	224.70 	0	0	1
42	397	183.50 	0	0	1
39	398	340.90 	0	0	1
40	398	277.40 	0	0	1
42	398	134.90 	0	0	1
39	399	399.40 	0	0	1
40	399	335.90 	0	0	1
42	399	87.90 	0	0	1
39	400	441.40 	0	0	1
40	400	377.80 	0	0	1
42	400	66.27 	0	0	1
42	401	76.94 	0	0	1
401	565	112.60 	0	0	1
45	401	312.30 	0	0	1
42	402	124.50 	0	0	1
402	565	114.80 	0	0	1
48	565	152.60 	0	0	1
42	403	177.50 	0	0	1
403	565	139.00 	0	0	1
45	402	269.40 	0	0	1
45	403	230.20 	0	0	1
42	404	232.00 	0	0	1
404	565	177.70 	0	0	1
45	404	178.00 	0	0	1
42	405	275.70 	0	0	1
405	565	221.30 	0	0	1
45	405	149.70 	0	0	1
42	406	321.90 	0	0	1
406	565	267.60 	0	0	1
45	406	130.20 	0	0	1
45	47	154.70 	0	0	0
197	437	116.50 	0	0	1
198	437	71.49 	0	0	1
198	436	60.11 	0	0	1
199	436	74.34 	0	0	1
199	435	63.03 	0	0	1
194	435	128.20 	0	0	1
179	435	467.60 	0	0	1
199	434	128.80 	0	0	1
194	434	115.70 	0	0	1
179	434	396.80 	0	0	1
199	433	234.70 	0	0	1
194	433	184.30 	0	0	1
179	433	306.90 	0	0	1
199	432	320.70 	0	0	1
194	432	270.40 	0	0	1
179	432	224.80 	0	0	1
199	431	418.60 	0	0	1
194	431	368.30 	0	0	1
179	431	141.00 	0	0	1
199	430	505.10 	0	0	1
194	430	454.70 	0	0	1
179	430	66.39 	0	0	1
185	429	258.60 	0	0	1
186	429	159.20 	0	0	1
187	429	284.10 	0	0	1
185	428	312.50 	0	0	1
186	428	213.20 	0	0	1
187	428	229.80 	0	0	1
185	427	359.80 	0	0	1
186	427	260.40 	0	0	1
187	427	175.70 	0	0	1
185	426	420.00 	0	0	1
186	426	320.60 	0	0	1
187	426	116.90 	0	0	1
189	425	113.60 	0	0	1
310	425	264.80 	0	0	1
189	424	192.70 	0	0	1
310	424	185.30 	0	0	1
189	423	276.00 	0	0	1
310	423	98.77 	0	0	1
185	438	117.70 	0	0	1
186	438	150.50 	0	0	1
187	438	453.80 	0	0	1
185	439	219.00 	0	0	1
186	439	128.00 	0	0	1
187	439	358.80 	0	0	1
185	440	303.30 	0	0	1
186	440	200.30 	0	0	1
187	440	275.70 	0	0	1
185	441	395.50 	0	0	1
186	441	296.20 	0	0	1
187	441	185.60 	0	0	1
185	588	488.50 	0	0	1
186	588	389.20 	0	0	1
188	442	192.70 	0	0	1
170	442	179.60 	0	0	1
187	443	132.90 	0	0	1
170	443	161.50 	0	0	1
188	443	115.00 	0	0	1
188	444	117.30 	0	0	1
171	444	171.80 	0	0	1
189	444	123.30 	0	0	1
189	445	90.33 	0	0	1
310	445	298.30 	0	0	1
189	446	185.30 	0	0	1
310	446	197.20 	0	0	1
189	447	271.90 	0	0	1
310	447	110.00 	0	0	1
310	448	94.97 	0	0	1
150	448	476.00 	0	0	1
310	449	188.40 	0	0	1
158	449	184.20 	0	0	1
158	448	159.70 	0	0	1
150	449	386.30 	0	0	1
310	450	287.40 	0	0	1
158	450	282.70 	0	0	1
150	450	289.90 	0	0	1
310	451	368.70 	0	0	1
158	451	364.40 	0	0	1
150	451	205.40 	0	0	1
310	452	450.10 	0	0	1
158	452	437.70 	0	0	1
150	452	123.50 	0	0	1
150	453	96.44 	0	0	1
149	453	172.60 	0	0	1
141	453	276.00 	0	0	1
150	454	183.40 	0	0	1
149	454	167.50 	0	0	1
141	454	189.60 	0	0	1
150	455	282.10 	0	0	1
149	455	247.30 	0	0	1
141	455	93.58 	0	0	1
310	419	215.50 	0	0	1
158	419	203.20 	0	0	1
150	419	333.70 	0	0	1
310	420	310.10 	0	0	1
158	420	297.10 	0	0	1
150	420	245.50 	0	0	1
310	421	396.00 	0	0	1
158	421	383.70 	0	0	1
150	421	162.30 	0	0	1
310	422	481.60 	0	0	1
158	422	469.20 	0	0	1
150	422	84.62 	0	0	1
570	585	368.80 	0	0	0
456	585	57.84 	0	0	1
456	570	337.60 	0	0	1
457	585	126.30 	0	0	1
457	570	270.70 	0	0	1
458	585	194.50 	0	0	1
458	570	197.00 	0	0	1
459	585	260.70 	0	0	1
459	570	129.10 	0	0	1
460	585	335.00 	0	0	1
460	570	52.69 	0	0	1
116	418	118.50 	0	0	1
117	418	217.50 	0	0	1
116	417	198.70 	0	0	1
117	417	134.80 	0	0	1
116	416	276.80 	0	0	1
117	416	57.07 	0	0	1
118	415	59.51 	0	0	1
119	415	292.80 	0	0	1
118	414	134.40 	0	0	1
119	414	221.10 	0	0	1
118	413	210.00 	0	0	1
119	413	147.60 	0	0	1
118	412	284.40 	0	0	1
119	412	69.51 	0	0	1
120	408	67.18 	0	0	1
121	408	307.90 	0	0	1
120	409	153.50 	0	0	1
121	409	229.50 	0	0	1
120	410	238.50 	0	0	1
121	410	152.90 	0	0	1
120	411	320.70 	0	0	1
121	411	72.04 	0	0	1
132	466	106.30 	0	0	1
92	466	1068.00 	0	0	1
132	467	205.60 	0	0	1
92	467	975.30 	0	0	1
132	468	310.50 	0	0	1
92	468	872.70 	0	0	1
132	469	398.60 	0	0	1
92	469	782.80 	0	0	1
132	470	485.60 	0	0	1
92	470	699.50 	0	0	1
132	471	574.40 	0	0	1
92	471	605.80 	0	0	1
132	472	662.50 	0	0	1
92	472	524.40 	0	0	1
132	473	752.20 	0	0	1
92	473	437.10 	0	0	1
132	474	834.20 	0	0	1
92	474	351.40 	0	0	1
132	475	924.40 	0	0	1
92	475	257.90 	0	0	1
132	476	1019.00 	0	0	1
92	476	167.10 	0	0	1
132	477	1107.00 	0	0	1
92	477	100.40 	0	0	1
478	551	109.20 	0	0	1
479	552	110.60 	0	0	1
480	553	111.70 	0	0	1
481	554	111.20 	0	0	1
482	555	110.00 	0	0	1
483	556	110.30 	0	0	1
484	557	94.58 	0	0	1
485	558	94.41 	0	0	1
486	559	94.87 	0	0	1
487	560	95.95 	0	0	1
488	561	97.27 	0	0	1
489	571	93.96 	0	0	1
490	572	91.64 	0	0	1
491	573	90.18 	0	0	1
492	574	88.07 	0	0	1
210	572	206.10 	0	0	1
278	493	117.50 	0	0	1
276	493	361.40 	0	0	1
278	494	164.50 	0	0	1
276	494	291.40 	0	0	1
278	495	254.70 	0	0	1
276	495	200.50 	0	0	1
278	496	316.20 	0	0	1
276	496	135.90 	0	0	1
278	497	383.30 	0	0	1
276	497	68.61 	0	0	1
278	586	99.06 	0	0	1
505	586	65.91 	0	0	1
505	584	614.90 	0	0	1
504	586	211.30 	0	0	1
504	584	510.00 	0	0	1
503	586	282.20 	0	0	1
503	584	424.80 	0	0	1
502	586	358.50 	0	0	1
502	584	350.10 	0	0	1
501	586	456.80 	0	0	1
501	584	268.90 	0	0	1
500	586	529.70 	0	0	1
500	584	192.10 	0	0	1
499	586	593.10 	0	0	1
499	584	130.00 	0	0	1
498	586	654.90 	0	0	1
498	584	66.35 	0	0	1
506	586	122.20 	0	0	1
277	506	166.60 	0	0	1
507	586	185.10 	0	0	1
277	507	123.90 	0	0	1
266	508	94.05 	0	0	1
267	508	150.00 	0	0	1
275	508	227.60 	0	0	1
266	509	116.50 	0	0	1
265	509	291.30 	0	0	1
266	510	195.50 	0	0	1
265	510	223.90 	0	0	1
266	511	287.70 	0	0	1
265	511	126.10 	0	0	1
266	512	388.10 	0	0	1
235	587	447.70 	0	0	1
265	513	109.70 	0	0	1
235	513	360.90 	0	0	1
265	514	208.50 	0	0	1
235	514	266.40 	0	0	1
265	515	299.20 	0	0	1
235	515	174.90 	0	0	1
265	516	372.80 	0	0	1
235	516	87.75 	0	0	1
256	587	101.60 	0	0	1
253	587	211.40 	0	0	1
256	513	81.64 	0	0	1
253	513	124.50 	0	0	1
256	514	151.30 	0	0	1
253	514	72.87 	0	0	1
256	515	242.10 	0	0	1
253	515	127.90 	0	0	1
256	516	315.60 	0	0	1
253	516	201.50 	0	0	1
249	516	72.98 	0	0	1
249	515	133.20 	0	0	1
249	514	225.10 	0	0	1
249	513	319.60 	0	0	1
249	587	406.90 	0	0	1
266	547	82.46 	0	0	1
265	547	351.00 	0	0	1
266	548	173.50 	0	0	1
265	548	258.40 	0	0	1
266	549	239.80 	0	0	1
265	549	191.20 	0	0	1
266	550	343.40 	0	0	1
265	550	85.69 	0	0	1
235	517	83.86 	0	0	1
236	517	164.50 	0	0	1
234	517	238.90 	0	0	1
235	518	168.90 	0	0	1
234	518	153.50 	0	0	1
236	518	91.15 	0	0	1
234	519	74.15 	0	0	1
236	519	92.36 	0	0	1
235	519	258.40 	0	0	1
234	520	93.36 	0	0	1
520	579	593.00 	0	0	1
234	521	182.60 	0	0	1
521	579	519.10 	0	0	1
234	522	268.60 	0	0	1
522	579	439.60 	0	0	1
234	523	344.70 	0	0	1
523	579	364.10 	0	0	1
234	524	429.80 	0	0	1
524	579	283.80 	0	0	1
234	525	521.70 	0	0	1
525	579	198.50 	0	0	1
234	526	606.10 	0	0	1
526	579	88.45 	0	0	1
234	546	101.40 	0	0	1
546	579	601.90 	0	0	1
234	545	209.80 	0	0	1
545	579	502.40 	0	0	1
234	544	264.60 	0	0	1
544	579	437.10 	0	0	1
234	543	332.50 	0	0	1
543	579	365.20 	0	0	1
234	542	465.00 	0	0	1
542	579	251.10 	0	0	1
234	541	534.50 	0	0	1
541	579	181.90 	0	0	1
234	540	627.40 	0	0	1
540	579	94.86 	0	0	1
527	579	90.13 	0	0	1
527	578	136.70 	0	0	1
527	580	112.50 	0	0	1
528	581	207.70 	0	0	1
218	528	268.40 	0	0	1
528	580	149.50 	0	0	1
528	576	117.50 	0	0	1
529	576	125.40 	0	0	1
216	529	165.80 	0	0	1
530	576	175.50 	0	0	1
216	530	112.20 	0	0	1
216	531	79.59 	0	0	1
531	602	154.60 	0	0	1
539	575	85.69 	0	0	1
539	602	708.90 	0	0	1
539	601	720.45 	0	0	1
538	575	160.30 	0	0	1
538	602	639.90 	0	0	1
538	601	651.35 	0	0	1
537	575	232.50 	0	0	1
537	602	567.60 	0	0	1
537	601	579.55 	0	0	1
536	575	303.20 	0	0	1
536	602	495.50 	0	0	1
536	601	507.05 	0	0	1
535	575	368.80 	0	0	1
535	601	438.95 	0	0	1
535	602	427.50 	0	0	1
534	575	430.30 	0	0	1
534	602	354.60 	0	0	1
533	575	510.90 	0	0	1
533	602	290.70 	0	0	1
532	575	577.80 	0	0	1
532	602	218.30 	0	0	1
216	539	727.20 	0	0	1
216	538	658.20 	0	0	1
216	537	585.90 	0	0	1
216	536	513.80 	0	0	1
216	535	445.90 	0	0	1
216	534	372.90 	0	0	1
216	533	309.00 	0	0	1
216	532	236.70 	0	0	1
569	589	362.20 	0	0	0
465	589	67.89 	0	0	1
465	569	303.90 	0	0	1
464	589	129.30 	0	0	1
464	569	248.20 	0	0	1
463	589	200.10 	0	0	1
463	569	178.60 	0	0	1
462	589	264.00 	0	0	1
462	569	116.70 	0	0	1
461	589	335.80 	0	0	1
461	569	45.32 	0	0	1
104	590	91.98 	0	0	0
466	590	260.50 	0	0	1
467	590	169.20 	0	0	1
468	590	96.05 	0	0	1
469	590	110.00 	0	0	1
470	590	194.10 	0	0	1
471	590	284.60 	0	0	1
472	590	372.80 	0	0	1
473	590	463.60 	0	0	1
474	590	545.60 	0	0	1
475	590	634.20 	0	0	1
476	590	730.00 	0	0	1
477	590	814.00 	0	0	1
97	466	658.30 	0	0	1
97	467	566.70 	0	0	1
97	468	456.60 	0	0	1
97	469	372.60 	0	0	1
97	470	290.10 	0	0	1
97	471	198.20 	0	0	1
97	472	119.40 	0	0	1
97	473	94.37 	0	0	1
97	474	148.80 	0	0	1
97	475	238.20 	0	0	1
97	476	332.30 	0	0	1
97	477	421.20 	0	0	1
92	590	834.80 	0	0	0
92	97	442.30 	0	0	1
132	590	323.20 	0	0	1
97	132	720.80 	0	0	0
335	600	72.30	1	0	0
105	600	183.30 	1	0	0
107	600	162.20 	1	0	1
101	600	267.50 	1	0	1
