#Id	Position	Position_Y
0	-0.4895	51.4775
1	-0.4903	51.4762
2	-0.4890	51.4758
3	-0.4895	51.4752
4	-0.4855	51.4758
5	-0.4842	51.4758
6	-0.4848	51.4753
7	-0.4853	51.4749
8	-0.4842	51.4749
9	-0.4847	51.4745
10	-0.4828	51.4758
11	-0.4836	51.4753
12	-0.4828	51.4749
13	-0.4836	51.4744
14	-0.4842	51.4727
15	-0.4847	51.4723
16	-0.4836	51.4718
17	-0.4847	51.4699
18	-0.4847	51.4684
19	-0.4841	51.4688
20	-0.4853	51.4688
21	-0.4835	51.4681
22	-0.4847	51.4678
23	-0.4829	51.4674
24	-0.4841	51.4674
25	-0.4853	51.4674
26	-0.4875	51.4681
27	-0.4893	51.4688
28	-0.4875	51.4669
29	-0.4867	51.4674
30	-0.4876	51.4660
31	-0.4868	51.4648
32	-0.4867	51.4665
33	-0.4855	51.4665
34	-0.4839	51.4665
35	-0.4847	51.4670
36	-0.4847	51.4660
37	-0.4847	51.4652
38	-0.4821	51.4652
39	-0.4821	51.4660
40	-0.4829	51.4665
41	-0.4821	51.4669
42	-0.4813	51.4665
43	-0.4813	51.4674
44	-0.4796	51.4674
45	-0.4795	51.4665
46	-0.4786	51.4670
47	-0.4787	51.4679
48	-0.4778	51.4665
49	-0.4777	51.4674
50	-0.4746	51.4675
51	-0.4758	51.4665
52	-0.4743	51.4665
53	-0.4750	51.4660
54	-0.4749	51.4652
55	-0.4735	51.4670
56	-0.4728	51.4666
57	-0.4726	51.4674
58	-0.4735	51.4679
59	-0.4693	51.4675
60	-0.4687	51.4679
61	-0.4677	51.4675
62	-0.4686	51.4670
63	-0.4696	51.4666
64	-0.4686	51.4661
65	-0.4678	51.4666
66	-0.4657	51.4666
67	-0.4653	51.4675
68	-0.4669	51.4653
69	-0.4642	51.4671
70	-0.4631	51.4666
71	-0.4653	51.4662
72	-0.4640	51.4653
73	-0.4633	51.4675
74	-0.4606	51.4675
75	-0.4588	51.4675
76	-0.4598	51.4670
77	-0.4607	51.4666
78	-0.4589	51.4659
79	-0.4584	51.4666
80	-0.4578	51.4671
81	-0.4571	51.4666
82	-0.4566	51.4661
83	-0.4649	51.4683
84	-0.4566	51.4675
85	-0.4557	51.4670
86	-0.4547	51.4666
87	-0.4559	51.4651
88	-0.4581	51.4651
89	-0.4533	51.4666
90	-0.4539	51.4670
91	-0.4548	51.4675
92	-0.4529	51.4675
93	-0.4516	51.4675
94	-0.4507	51.4670
95	-0.4514	51.4666
96	-0.4498	51.4661
97	-0.4490	51.4666
98	-0.4484	51.4671
99	-0.4499	51.4675
100	-0.4473	51.4675
101	-0.4478	51.4666
102	-0.4474	51.4660
103	-0.4486	51.4651
104	-0.4496	51.4651
105	-0.4458	51.4667
106	-0.4417	51.4667
107	-0.4405	51.4659
108	-0.4406	51.4652
109	-0.4394	51.4667
110	-0.4383	51.4659
111	-0.4384	51.4652
112	-0.4372	51.4667
113	-0.4361	51.4671
114	-0.4361	51.4662
115	-0.4359	51.4652
116	-0.4343	51.4652
117	-0.4354	51.4677
118	-0.4360	51.4682
119	-0.4360	51.4689
120	-0.4368	51.4693
121	-0.4361	51.4702
122	-0.4375	51.4701
123	-0.4361	51.4710
124	-0.4376	51.4710
125	-0.4368	51.4706
126	-0.4368	51.4715
127	-0.4376	51.4718
128	-0.4345	51.4716
129	-0.4349	51.4722
130	-0.4359	51.4726
131	-0.4385	51.4706
132	-0.4399	51.4706
133	-0.4419	51.4706
134	-0.4416	51.4708
135	-0.4403	51.4696
136	-0.4383	51.4693
137	-0.4406	51.4721
138	-0.4406	51.4745
139	-0.4406	51.4755
140	-0.4399	51.4750
141	-0.4376	51.4748
142	-0.4367	51.4745
143	-0.4375	51.4741
144	-0.4351	51.4745
145	-0.4359	51.4752
146	-0.4359	51.4741
147	-0.4359	51.4732
148	-0.4355	51.4731
149	-0.4344	51.4739
150	-0.4343	51.4751
151	-0.4331	51.4747
152	-0.4367	51.4759
153	-0.4352	51.4763
154	-0.4383	51.4759
155	-0.4397	51.4759
156	-0.4416	51.4759
157	-0.4434	51.4760
158	-0.4423	51.4764
159	-0.4377	51.4765
160	-0.4346	51.4766
161	-0.4343	51.4765
162	-0.4340	51.4768
163	-0.4343	51.4769
164	-0.4330	51.4768
165	-0.4326	51.4755
166	-0.4312	51.4756
167	-0.4310	51.4748
168	-0.4387	51.4774
169	-0.4341	51.4775
170	-0.4455	51.4774
171	-0.4815	51.4765
172	-0.4795	51.4758
173	-0.4796	51.4749
174	-0.4787	51.4753
175	-0.4781	51.4758
176	-0.4777	51.4749
177	-0.4787	51.4743
178	-0.4744	51.4749
179	-0.4748	51.4758
180	-0.4739	51.4763
181	-0.4729	51.4758
182	-0.4726	51.4749
183	-0.4736	51.4754
184	-0.4736	51.4745
185	-0.4699	51.4749
186	-0.4690	51.4745
187	-0.4683	51.4749
188	-0.4693	51.4753
189	-0.4667	51.4751
190	-0.4675	51.4744
191	-0.4709	51.4758
192	-0.4705	51.4765
193	-0.4685	51.4765
194	-0.4679	51.4759
195	-0.4619	51.4759
196	-0.4626	51.4751
197	-0.4617	51.4746
198	-0.4614	51.4752
199	-0.4608	51.4756
200	-0.4600	51.4752
201	-0.4593	51.4759
202	-0.4596	51.4765
203	-0.4608	51.4765
204	-0.4581	51.4759
205	-0.4567	51.4759
206	-0.4553	51.4759
207	-0.4580	51.4753
208	-0.4561	51.4753
209	-0.4533	51.4753
210	-0.4540	51.4760
211	-0.4547	51.4756
212	-0.4547	51.4765
213	-0.4618	51.4774
214	-0.4583	51.4774
215	-0.4660	51.4773
216	-0.4518	51.4774
217	-0.4518	51.4764
218	-0.4525	51.4760
219	-0.4510	51.4760
220	-0.4517	51.4756
221	-0.4501	51.4753
222	-0.4484	51.4760
223	-0.4479	51.4764
224	-0.4489	51.4774
225	-0.4482	51.4774
226	-0.4472	51.4760
227	-0.4458	51.4760
228	-0.4466	51.4755
229	-0.4473	51.4753
230	-0.4467	51.4749
231	-0.4457	51.4682
232	-0.4739	51.4773
233	-0.4714	51.4773
234	-0.4574	51.4756
235	-0.4547	51.4774
236	-0.4343	51.4774
237	-0.4854	51.4740
238	-0.4854	51.4736
239	-0.4854	51.4731
240	-0.4854	51.4727
241	-0.4853	51.4723
242	-0.4842	51.4705
243	-0.4854	51.4719
244	-0.4854	51.4713
245	-0.4854	51.4709
246	-0.4854	51.4705
247	-0.4854	51.4699
248	-0.4858	51.4690
249	-0.4865	51.4690
250	-0.4872	51.4690
251	-0.4879	51.4690
252	-0.4886	51.4690
253	-0.4830	51.4738
254	-0.4830	51.4731
255	-0.4830	51.4725
256	-0.4830	51.4718
257	-0.4830	51.4711
258	-0.4830	51.4705
259	-0.4830	51.4698
260	-0.4830	51.4692
261	-0.4830	51.4685
262	-0.4795	51.4722
263	-0.4795	51.4713
264	-0.4795	51.4705
265	-0.4795	51.4698
266	-0.4795	51.4691
267	-0.4795	51.4685
268	-0.4780	51.4685
269	-0.4780	51.4692
270	-0.4780	51.4698
271	-0.4780	51.4705
272	-0.4780	51.4712
273	-0.4780	51.4722
274	-0.4780	51.4732
275	-0.4780	51.4740
276	-0.4743	51.4740
277	-0.4743	51.4732
278	-0.4743	51.4705
279	-0.4743	51.4698
280	-0.4743	51.4691
281	-0.4743	51.4685
282	-0.4728	51.4705
283	-0.4729	51.4694
284	-0.4720	51.4679
285	-0.4710	51.4679
286	-0.4698	51.4679
287	-0.4693	51.4692
288	-0.4694	51.4698
289	-0.4694	51.4705
290	-0.4694	51.4721
291	-0.4694	51.4729
292	-0.4694	51.4737
293	-0.4668	51.4738
294	-0.4665	51.4730
295	-0.4651	51.4748
296	-0.4643	51.4728
297	-0.4665	51.4705
298	-0.4657	51.4700
299	-0.4651	51.4694
300	-0.4646	51.4689
301	-0.4639	51.4683
302	-0.4625	51.4701
303	-0.4631	51.4706
304	-0.4637	51.4712
305	-0.4643	51.4717
306	-0.4636	51.4724
307	-0.4630	51.4720
308	-0.4625	51.4714
309	-0.4619	51.4709
310	-0.4613	51.4703
311	-0.4608	51.4731
312	-0.4614	51.4736
313	-0.4620	51.4742
314	-0.4627	51.4747
315	-0.4641	51.4748
316	-0.4604	51.4740
317	-0.4597	51.4735
318	-0.4601	51.4692
319	-0.4598	51.4689
320	-0.4584	51.4679
321	-0.4570	51.4680
322	-0.4584	51.4748
323	-0.4576	51.4749
324	-0.4568	51.4749
325	-0.4561	51.4749
326	-0.4555	51.4749
327	-0.4549	51.4749
328	-0.4543	51.4749
329	-0.4537	51.4749
330	-0.4530	51.4749
331	-0.4523	51.4749
332	-0.4515	51.4749
333	-0.4508	51.4749
334	-0.4498	51.4735
335	-0.4493	51.4738
336	-0.4488	51.4740
337	-0.4483	51.4742
338	-0.4477	51.4744
339	-0.4482	51.4734
340	-0.4476	51.4736
341	-0.4470	51.4739
342	-0.4414	51.4742
343	-0.4414	51.4734
344	-0.4414	51.4727
345	-0.4399	51.4743
346	-0.4399	51.4739
347	-0.4399	51.4733
348	-0.4399	51.4726
349	-0.4399	51.4720
350	-0.4420	51.4717
351	-0.4428	51.4711
352	-0.4436	51.4705
353	-0.4444	51.4699
354	-0.4452	51.4694
355	-0.4561	51.4680
356	-0.4555	51.4680
357	-0.4545	51.4680
358	-0.4312	51.4700
359	-0.4308	51.4694
360	-0.4795	51.4739
361	-0.4795	51.4731
362	-0.4787	51.4726
363	-0.4787	51.4709
364	-0.4787	51.4695
365	-0.4735	51.4712
366	-0.4736	51.4725
367	-0.4680	51.4724
368	-0.4665	51.4724
369	-0.4688	51.4712
370	-0.4680	51.4705
371	-0.4672	51.4717
372	-0.4671	51.4684
373	-0.4618	51.4701
374	-0.4598	51.4729
375	-0.4497	51.4732
376	-0.4599	51.4679
377	-0.4609	51.4691
378	-0.4610	51.4686
379	-0.4299	51.4692
380	-0.4896	51.4746
381	-0.4889	51.4744
382	-0.4883	51.4743
383	-0.4876	51.4743
384	-0.4815	51.4773
385	-0.4299	51.4751
386	-0.4853	51.4723
387	-0.4853	51.4700
388	-0.4830	51.4718
389	-0.4627	51.4747
390	-0.4561	51.4749
391	-0.4530	51.4749
392	-0.4570	51.4680
393	-0.4545	51.4680
394	-0.4399	51.4720
395	-0.4917	51.4775
396	-0.4333	51.4777
397	-0.4331	51.4649
398	-0.4901	51.4647